0.0 0.623294858342 0.568730325289 0.495278069255 0.304302203568 0.607555089192 0.471143756558 0.316894018888
0.623294858342 0.0 0.271773347324 0.634837355719 0.660020986359 0.472193074502 0.460650577125 0.565582371459
0.568730325289 0.271773347324 0.0 0.578174186779 0.618048268625 0.320041972718 0.320041972718 0.475341028332
0.495278069255 0.634837355719 0.578174186779 0.0 0.589716684155 0.636935991605 0.491080797482 0.336831059811
0.304302203568 0.660020986359 0.618048268625 0.589716684155 0.0 0.651626442812 0.551941238195 0.470094438615
0.607555089192 0.472193074502 0.320041972718 0.636935991605 0.651626442812 0.0 0.486883525708 0.546694648478
0.471143756558 0.460650577125 0.320041972718 0.491080797482 0.551941238195 0.486883525708 0.0 0.317943336831
0.316894018888 0.565582371459 0.475341028332 0.336831059811 0.470094438615 0.546694648478 0.317943336831 0.0